device_id,ip
1,192.168.9.2
